0000846350
0000860662
0000872573
0000919185
0000924178
0000934639
0000937617
0000939318
0000940315
0000949615
0001005557
0001006438
0001009953
0001037389
0001040273
0001040592
0001050417
0001054846
0001061165
0001080171
0001096978
0001098490
0001103804
0001105497
0001106185
0001106191
0001107310
0001113000
0001132868
0001135730
0001167483
0001169161
0001169553
0001178154
0001179392
0001218710
0001230239
0001256071
0001257391
0001258185
0001267073
0001275228
0001277006
0001278752
0001279891
0001281084
0001298983
0001300714
0001301912
0001303092
0001304096
0001315421
0001316580
0001323645
0001323910
0001326389
0001335325
0001335796
0001336528
0001344289
0001350879
0001351450
0001352662
0001358253
0001363542
0001365341
0001377813
0001380393
0001387322
0001388970
0001389595
0001390202
0001393234
0001403256
0001403256
0001407737
0001408886
0001412308
0001415453
0001421097
0001425851
0001426486
0001426665
0001426669
0001426817
0001427430
0001438284
0001439046
0001442184
0001443689
0001453072
0001453885
0001455074
0001456098
0001458658
0001480532
0001489226
0001491998
0001502945
0001506210
0001508024
0001509842
0001512397
0001512596
0001524542
0001525362
0001534949
0001535630
0001535943
0001535978
0001556278
0001556921
0001561248
0001566681
0001569595
0001570717
0001581811
0001582090
0001593032
0001595124
0001597858
0001598032
0001599814
0001603466
0001608485
0001614505
0001618006
0001620220
0001622585
0001626596
0001627354
0001628075
0001630783
0001632574
0001633312
0001633376
0001633870
0001637460
0001639101
0001642575
0001645764
0001650258
0001666905
0001673553
0001679025
0001691919
0001695885
0001702490
0001702954
0001710618
0001717916
0001727012
0001731759
0001734648
0001736225
0001737513
0001738693
0001759807
0001762304
0001764258
0001766625
0001766787
0001767366
0001770660
0001777835
0001783139
0001784547
0001789779
0001812285
0001817620
0001821339
0001825200
0001827377
0001837864
0001838121
0001856996
0001859518
0001878046
0001894749
0001895526
0001909739
0001929448
0001930218
0001934800
0001963316
0001968251
0001973511
0001978559
0001995474
0002027951
0002034017
0002034032
0002035624
